-49.550217 -15.233032 7.0216637
-31.706951 -19.601318 7.8630791
-15.540665 -19.701172 -2.3250237
15.048882 -19.547119 -6.210125
31.835297 -20.41394 -1.9690514
47.440636 -15.593384 -1.0615196
-42.503326 -0.00012207031 3.8146973e-06
-17.283466 0.89367676 -1.5433693
17.804787 0.051269531 -3.8181419
42.503326 0 -3.8146973e-06
-20.369781 34.586914 -20.68681
-2.6982956 39.196533 -29.539024
17.071732 36.578735 -14.336636
-0.89476013 51.111206 -28.266125
-2.2388 61.544189 -24.821766
-2.5511932 70.476074 -25.318443
-28.668213 -3.3345947 1.0833778
26.943413 -1.2562256 -6.3730965
-2.3388367 27.116211 -28.26495
-23.567314 62.410767 -15.039974
20.117256 64.776367 -14.823612